Sample	FastQC_mqc-generalstats-fastqc-percent_duplicates	FastQC_mqc-generalstats-fastqc-percent_gc	FastQC_mqc-generalstats-fastqc-avg_sequence_length	FastQC_mqc-generalstats-fastqc-percent_fails	FastQC_mqc-generalstats-fastqc-total_sequences
S1A015_1	89.71723944854523	56.0	285.1406564742675	27.27272727272727	146449.0
S1A015_2	81.34504161858395	57.0	279.7461368804157	36.36363636363637	146449.0
S1A1530_1	89.79393617541629	55.0	285.17932234419436	27.27272727272727	143111.0
S1A1530_2	81.74983055111068	56.0	279.78228088686404	36.36363636363637	143111.0
S1A3050_1	87.38757288459199	55.0	285.18625698428593	27.27272727272727	106847.0
S1A3050_2	79.26755079693393	56.0	279.74733965389765	36.36363636363637	106847.0
S1A5075_1	88.74874123128915	55.0	284.9846558227654	36.36363636363637	117178.0
S1A5075_2	80.80527061393776	56.0	279.7724146170783	36.36363636363637	117178.0
S1B07_1	89.58392278279428	54.0	285.1647090207998	27.27272727272727	123703.0
S1B07_2	80.20096521507158	56.0	279.7404266670978	45.45454545454545	123703.0
S1B2230_1	88.88881949952226	55.0	285.18648322893705	27.27272727272727	160127.0
S1B2230_2	81.23052327215274	56.0	279.75529423520084	36.36363636363637	160127.0
S1B3040_1	88.24181138711805	55.0	285.2081424488899	27.27272727272727	113725.0
S1B3040_2	81.18795339635085	56.0	279.7915497911629	36.36363636363637	113725.0
S1B6575_1	90.06115436315507	55.0	285.1718148578035	27.27272727272727	217973.0
S1B6575_2	82.81667912998398	56.0	279.7866065980649	36.36363636363637	217973.0
S2A1727_1	87.68802322727004	55.0	284.84237791716396	27.27272727272727	118137.0
S2A1727_2	79.64397267579167	56.0	279.5454430026156	36.36363636363637	118137.0
S2A3545_1	87.39722174939499	55.0	285.1036774446607	27.27272727272727	135121.0
S2A3545_2	78.73313548597183	56.0	279.6330844206304	36.36363636363637	135121.0
S2A5060_1	88.4421329429976	55.0	285.1223275063635	36.36363636363637	154397.0
S2A5060_2	79.46980835119854	56.0	279.67530457198	36.36363636363637	154397.0
S2A515_1	88.42067814907503	55.0	285.0683669463664	36.36363636363637	163032.0
S2A515_2	80.8681731193876	56.0	279.5548481279749	36.36363636363637	163032.0
S2B07_1	88.83906177286491	54.0	284.9352536247212	27.27272727272727	165461.0
S2B07_2	81.72741612827193	56.0	279.3993992542049	36.36363636363637	165461.0
S2B1522_1	87.53569783509903	54.0	285.1590971902349	27.27272727272727	108550.0
S2B1522_2	79.29064947029019	56.0	279.8105020727775	36.36363636363637	108550.0
S2B3040_1	89.35882812030978	54.0	285.1675421744612	36.36363636363637	133256.0
S2B3040_2	81.69538332232695	56.0	279.7752446418923	45.45454545454545	133256.0
S2B5565_1	85.60329344338385	55.0	285.1841462676326	45.45454545454545	49553.0
S2B5565_2	76.1992210360624	56.0	279.88000726494863	36.36363636363637	49553.0
S3A07_1	86.1727757700912	54.0	285.1500258131131	27.27272727272727	58110.0
S3A07_2	75.61177077955601	55.0	279.8229908793667	36.36363636363637	58110.0
S3A1522_1	88.50642635544393	54.0	285.03431418633073	27.27272727272727	74459.0
S3A1522_2	80.2508763211969	56.0	280.8256221544743	36.36363636363637	74459.0
S3A3040_1	83.88321304714594	55.0	284.95060455525356	27.27272727272727	42676.0
S3A3040_2	74.74224388415034	56.0	279.84525260099355	36.36363636363637	42676.0
S3A6070_1	87.21202924541316	55.0	284.74617188577736	45.45454545454545	28996.0
S3A6070_2	79.84204717892123	57.0	279.74086080838737	36.36363636363637	28996.0
S3B2030_1	88.99976926626672	55.0	285.18204891555143	27.27272727272727	156024.0
S3B2030_2	80.67348613033892	56.0	279.7577295800646	36.36363636363637	156024.0
S3B3545_1	88.69469848401762	54.0	285.2305932438249	36.36363636363637	169593.0
S3B3545_2	80.80817014853207	56.0	279.82329459352684	36.36363636363637	169593.0
S3B6070_1	94.17569738289737	54.0	285.1532044119508	36.36363636363637	932558.0
S3B6070_2	87.49779709321902	56.0	279.1472401716569	45.45454545454545	932558.0
S4B07_1	88.93492969759464	55.0	285.04411643020364	36.36363636363637	157107.0
S4B07_2	80.88054637921925	56.0	279.49817640206993	36.36363636363637	157107.0
S4B1522_1	88.25962660979712	55.0	285.0718927813066	36.36363636363637	108787.0
S4B1522_2	80.20351696434317	56.0	279.60870324579224	36.36363636363637	108787.0
S4B3040_1	88.71501611728479	55.0	285.0915908877848	36.36363636363637	138671.0
S4B3040_2	81.31765113109446	56.0	279.6538281255634	36.36363636363637	138671.0
S4B5565_1	88.06590368583277	55.0	285.1473388682356	36.36363636363637	116473.0
S4B5565_2	79.02003039331004	56.0	279.7447133670464	36.36363636363637	116473.0
S5A07_1	91.95309626338023	54.0	285.23643213559876	27.27272727272727	269147.0
S5A07_2	83.20137322726985	56.0	279.75053781019295	45.45454545454545	269147.0
S5A1522_1	90.98973222411375	55.0	285.22066617415607	27.27272727272727	186798.0
S5A1522_2	82.78086489148706	56.0	279.75230998190557	36.36363636363637	186798.0
S5A3040_1	89.7890817410386	55.0	285.15556826538113	36.36363636363637	171346.0
S5A3040_2	81.27239620417168	56.0	279.7490808072555	45.45454545454545	171346.0
S5A5565_1	89.80883973157435	55.0	284.801170427392	36.36363636363637	139778.0
S5A5565_2	81.4577401307788	56.0	279.801785688735	36.36363636363637	139778.0
S5B07_1	88.68126277303026	55.0	285.1288901152914	36.36363636363637	115967.0
S5B07_2	79.58298481464554	56.0	279.53850664413153	36.36363636363637	115967.0
S5B1522_1	89.08414291332275	55.0	284.76921508367684	27.27272727272727	137314.0
S5B1522_2	81.11627365017405	56.0	279.21340868374676	36.36363636363637	137314.0
S5B3040_1	89.02967859542301	55.0	283.53923710458685	27.27272727272727	212847.0
S5B3040_2	81.21937354061838	56.0	278.8323020761392	36.36363636363637	212847.0
S5B5060_1	91.8000914046778	54.0	284.9609358627011	27.27272727272727	396041.0
S5B5060_2	85.13966988266367	56.0	279.6241550748534	36.36363636363637	396041.0
S6A07_1	88.35411801894584	56.0	285.1246367353598	27.27272727272727	98069.0
S6A07_2	79.16161070266853	57.0	279.73439109198625	36.36363636363637	98069.0
S6A1522_1	88.4888804736987	55.0	285.17569195813826	27.27272727272727	116192.0
S6A1522_2	80.5623450839989	56.0	279.765164555219	36.36363636363637	116192.0
S6A3040_1	87.32948150371426	54.0	284.86903279057555	27.27272727272727	66635.0
S6A3040_2	78.52780070533504	56.0	279.7465896300743	45.45454545454545	66635.0
S6B07_1	91.07546097593803	55.0	285.05910810689556	27.27272727272727	267476.0
S6B07_2	83.39365027142622	56.0	279.4943621109931	36.36363636363637	267476.0
S6B1522_1	91.30434782608695	55.0	285.11955483576264	27.27272727272727	288972.0
S6B1522_2	85.02415458937199	56.0	279.55642761236385	36.36363636363637	288972.0
S6B3040_1	89.72772420276398	55.0	285.10810508836346	27.27272727272727	259553.0
S6B3040_2	83.11327551598325	56.0	279.6100526674706	36.36363636363637	259553.0
S7A07_1	89.53648873374131	55.0	285.042422186733	27.27272727272727	212271.0
S7A07_2	80.38969053709644	56.0	279.6416844505373	36.36363636363637	212271.0
S7A1522_1	88.65690667490729	55.0	285.1391635764318	27.27272727272727	155328.0
S7A1522_2	81.44185208075814	56.0	279.67291151627524	36.36363636363637	155328.0
S7A3040_1	88.28202878307636	55.0	285.145413629879	27.27272727272727	167529.0
S7A3040_2	80.50964310656663	56.0	279.75548114057864	36.36363636363637	167529.0
S7A5060_1	86.87557530707788	55.0	285.0328902437817	27.27272727272727	101033.0
S7A5060_2	78.47534963823702	56.0	279.62974473686813	36.36363636363637	101033.0
S7B07_1	85.76627261868882	56.0	283.58305705323556	27.27272727272727	89583.0
S7B07_2	75.71860732505051	57.0	279.6272730317136	36.36363636363637	89583.0
S7B1522_1	88.10256338540283	55.0	285.1022277539262	27.27272727272727	143014.0
S7B1522_2	79.76142195868937	56.0	279.6005565888654	36.36363636363637	143014.0
S7B5060_1	90.16439495241198	55.0	285.14635982605375	27.27272727272727	177986.0
S7B5060_2	82.10701965323115	56.0	279.7821738788444	45.45454545454545	177986.0
